function [c9,c8,c7,c6,c5,c4,c3,c2,c1,c0,d9,d8,d7,d6,d5,d4,d3,d2,d1,d0] = create_polynomial_coefficients_uncalib(a,b,c,d,t1,t2,e,e1,u,u1,v,v1)


c9 = [c129,c119,c109,c099,c089,c079,c069,c059,c049,c039,c029,c019,c009];
c8 = [c128,c118,c108,c098,c088,c078,c068,c058,c048,c038,c028,c018,c008];
c7 = [c127,c117,c107,c097,c087,c077,c067,c057,c047,c037,c027,c017,c007];
c6 = [c126,c116,c106,c096,c086,c076,c066,c056,c046,c036,c026,c016,c006];
c5 = [c125,c115,c105,c095,c085,c075,c065,c055,c045,c035,c025,c015,c005];
c4 = [c124,c114,c104,c094,c084,c074,c064,c054,c044,c034,c024,c014,c004];
c3 = [c113,c103,c093,c083,c073,c063,c053,c043,c033,c023,c013,c003];
c2 = [c112,c102,c092,c082,c072,c062,c052,c042,c032,c022,c012,c002];
c1 = [c101,c091,c081,c071,c061,c051,c041,c031,c021,c011,c001];
c0 = [c100,c090,c080,c070,c060,c050,c040,c030,c020,c010,c000];

d9 = [d129,d119,d109,d099,d089,d079,d069,d059,d049,d039,d029,d019,d009];
d8 = [d128,d118,d108,d098,d088,d078,d068,d058,d048,d038,d028,d018,d008];
d7 = [d127,d117,d107,d097,d087,d077,d067,d057,d047,d037,d027,d017,d007];
d6 = [d126,d116,d106,d096,d086,d076,d066,d056,d046,d036,d026,d016,d006];
d5 = [d125,d115,d105,d095,d085,d075,d065,d055,d045,d035,d025,d015,d005];
d4 = [d124,d114,d104,d094,d084,d074,d064,d054,d044,d034,d024,d014,d004];
d3 = [d113,d103,d093,d083,d073,d063,d053,d043,d033,d023,d013,d003];
d2 = [d112,d102,d092,d082,d072,d062,d052,d042,d032,d022,d012,d002];
d1 = [d101,d091,d081,d071,d061,d051,d041,d031,d021,d011,d001];
d0 = [d100,d090,d080,d070,d060,d050,d040,d030,d020,d010,d000];
